1|exact|37.61768 55.755277
2|exact|37.611212 55.757972
3|exact|37.637326 55.763979
4|exact|37.586688 55.747784
5|exact|37.593066 55.751933
6|exact|37.627148 55.732996
7|exact|37.626448 55.762004
8|exact|37.560233 55.767089
9|exact|37.578262 55.710732
10|number|37.633023 55.781241
11|exact|30.325875 59.9358
12|exact|30.312814 59.940082
13|exact|30.338667 59.928861
14|exact|30.309544 59.922977
15|exact|30.337293 59.935786
16|exact|30.347785 59.937197
17|exact|30.325085 59.954601
18|number|30.299456 59.93978
19|exact|30.354343 59.946302
20|exact|30.348396 59.93378
21|exact|60.600349 56.836401
22|near|82.9229 55.022954
23|exact|49.121784 55.790853
24|exact|43.987292 56.308975
25|exact|50.093788 53.19427
26|exact|61.398044 55.159866
27|exact|73.372919 54.986423
28|exact|39.712237 47.22168
29|exact|56.013336 54.761363
30|exact|92.873592 56.011872
31|exact|131.881936 43.116306
32|exact|20.508215 54.711364
33|exact|104.279735 52.286839
34|exact|33.084116 68.972505
35|exact|40.513202 64.540518
36|number|39.890041 57.626342
37|exact|37.609991 54.185662
38|exact|36.192126 51.72996
39|exact|36.594095 50.594242
40|exact|39.777302 43.551599
41|exact|56.237375 58.009992
42|exact|39.206557 51.666607
43|exact|44.530558 48.718511
44|exact|46.023764 51.536122
45|exact|65.543176 57.152018
46|exact|49.264913 53.555689
47|exact|53.211499 56.854547
48|exact|83.779309 53.346457
49|exact|73.374015 54.9857
50|exact|61.400227 55.164773
51|exact|31.293478 58.529595
52|exact|28.347444 57.81367
53|exact|32.054234 54.785927
54|exact|35.902877 56.860693
55|exact|40.928295 57.767145
56|exact|40.41021 56.12837
57|exact|39.742079 54.629336
58|number|39.568758 52.596208
59|exact|41.453028 52.721841
60|exact|48.396386 54.313635
61|exact|40.104423 44.608564
62|exact|53.199291 56.844707
63|exact|94.439598 51.720074
64|exact|91.442226 53.721642
65|exact|66.606871 66.526521
66|exact|158.652783 53.011085
67|exact|142.727521 46.963134
68|number|150.80864 59.569044
69|exact|177.51099 64.734993
70|exact|36.602674 55.099778
71|exact|37.869011 55.917844
72|exact|37.850434 56.010216
73|exact|30.653707 60.0212
74|exact|28.737582 60.710901
75|exact|60.102988 57.255006
76|exact|60.694367 55.769281
77|exact|21.889258 55.081375
78|exact|131.953478 43.797429
79|near|158.381465 53.190219
80|exact|45.737624 48.581252
81|exact|37.445518 55.889083
82|exact|38.012103 55.751584
83|exact|30.322327 59.848809
84|exact|60.619079 56.823094
85|exact|82.937848 55.018711
86|exact|49.115235 55.790291
87|exact|43.984247 56.327521
88|exact|50.100687 53.184996
89|exact|61.399185 55.159465
90|exact|73.318077 55.016461
91|number|37.596372 55.738414
92|number|30.343716 59.92543
93|number|60.61465 56.836106
94|exact|82.916333 55.036943
95|number|49.113295 55.781241
96|number|44.007639 56.324102
97|number|50.109338 53.200544
98|number|61.385342 55.157999
99|number|73.375174 54.985313
100|number|39.710638 47.221558
