1|55.75396, 37.62038
2|55.7648, 37.6167
3|55.7648, 37.6209
4|55.7486, 37.6039
5|55.7598, 37.6144
6|55.7489, 37.6106
7|55.7648, 37.6209
8|55.7640, 37.6166
9|55.6874, 37.4376
10|55.8067, 37.7689
11|59.9386, 30.3141
12|59.9387, 30.3148
13|59.9407, 30.3188
14|59.9386, 30.3207
15|59.94687, 30.32858
16|59.9343, 30.3286
17|59.9387, 30.3215
18|59.9386, 30.3168
19|59.9378, 30.3226
20|59.9378, 30.3226
21|56.8397, 60.6108
22|55.0417, 82.9267
23|55.7968, 49.1102
24|56.31974, 44.00178
25|53.2167, 50.2167
26|55.1866, 61.4306
27|55.0187, 73.3658
28|47.216895, 39.702221
29|54.7961,55.7867
30|56.0178, 92.8767
31|42.8795, 131.9347
32|54.7189, 20.5083
33|52.28, 104.27
34|68.9848, 33.1089
35|64.5788, 34.8867
36|57.6394, 39.8798
37|54.1968, 37.6267
38|51.7348, 36.2296
39|50.6791, 36.2258
40|43.6189, 39.7696
41|57.999, 56.233
42|51.6788, 39.2106
43|48.7159, 44.4358
44|51.53, 46.05
45|57.1986, 65.5389
46|53.1978, 50.2369
47|56.8479,53.3836
48|53.3189,83.8767
49|55.0189, 73.3688
50|55.1667, 61.4167
51|56.8406, 30.3202
52|57.7498, 28.3605
53|54.7986, 32.1008
54|56.8498, 34.5828
55|57.3984, 40.9869
56|56.1047, 40.3898
57|54.6718, 39.7367
58|51.7462, 39.4778
59|52.6874, 39.2368
60|54.7396, 48.7058
61|44.6718, 40.6258
62|56.8479,53.2067
63|51.7984, 92.7267
64|56.0048,91.3767
65|66.5333, 62.7167
66|53.0197, 158.6478
67|46.85, 142.87
68|59.4718, 150.9833
69|64.5167, -158.6167
70|54.6167, 36.3667
71|55.9368, 37.7366
72|55.9687, 37.8758
73|59.783, 30.317
74|60.2047, 29.9078
75|57.891, 60.806
76|55.195, 61.578
77|54.96, 21.67
78|43.8715, 132.3819
79|54.7918, 158.6267
80|46.38, 48.25
81|55.8069, 37.5076
82|55.7652, 37.7966
83|59.7833, 30.2667
84|56.8417, 60.6198
85|55.0481,-82.9267
86|55.7963, 49.1006
87|56.3198, 44.0076
88|53.22986,50.20733
89|55.1667, 61.4167
90|55.0178, 73.3967
91|55.7683, 37.6006
92|59.9468, 30.3276
93|56.8498, 60.6167
94|55.8179, 82.9356
95|55.8069, 49.1226
96|56.3278, 44.0098
97|53.2267, 50.2006
98|55.1674, 61.4278
99|55.0187, 73.3809
100|47.2189, 39.7267
